3	dsd-nonsd	26	26	1785204561573036060	1785204577084170691	15.511135	0	200	/home/user/vllm/logs/speed_test/dsd-nonsd_b64_speed_tp2/run3_dsd-nonsd_26.json
