3	sglang-nonsd	82	82	1785230223241415919	1785230238139494029	14.898078	0	200	/home/user/vllm/logs/speed_test/sglang-nonsd_b128_speed_tp2/run3_sglang-nonsd_82.json
