1	sglang-nonsd	117	117	1785230056810136317	1785230080089349190	23.279213	0	200	/home/user/vllm/logs/speed_test/sglang-nonsd_b128_speed_tp2/run1_sglang-nonsd_117.json
