2	specsys-sglang-nonsd	30	30	1785224285981233403	1785224296030328338	10.049095	0	200	/home/user/vllm/logs/speed_test/specsys-sglang-nonsd_b32_speed_tp2/run2_specsys-sglang-nonsd_30.json
