2	sglang-purenonsd	123	123	1785225438639900312	1785225451665811438	13.025911	0	200	/home/user/vllm/logs/speed_test/sglang-purenonsd_b128_speed_tp2/run2_sglang-purenonsd_123.json
