3	sglang-nonsd	3	3	1785229765455520104	1785229774604641114	9.149121	0	200	/home/user/vllm/logs/speed_test/sglang-nonsd_b64_speed_tp2/run3_sglang-nonsd_3.json
