2	specsys-sglang-nonsd	110	110	1785226008863018055	1785226031812643184	22.949625	0	200	/home/user/vllm/logs/speed_test/specsys-sglang-nonsd_b128_speed_tp2/run2_specsys-sglang-nonsd_110.json
